1.691940154833784533e-03
1.579190341873674616e-03
1.467616490075678536e-03
1.353922102607467469e-03
1.237169349629917668e-03
1.128403935583953020e-03
1.016380302840333861e-03
9.056229534433284361e-04
7.928195788551755437e-04
6.781009192308068726e-04
5.670023740859385939e-04
4.548119627380874997e-04
3.413226374693999893e-04
2.284483295102191782e-04
1.265237436857747407e-04
7.432213631487643061e-05
1.000452659089796719e-04
1.569046935437481754e-04
2.170927046136284584e-04
2.775221339281302405e-04
3.399270636673945578e-04
4.030382118873911904e-04
4.666755563185639695e-04
5.315816842467071916e-04
5.946694913095793185e-04
6.596998354398216254e-04
7.239298631839030445e-04
7.897496280306056738e-04
8.527612078900561384e-04
9.203359832314685638e-04
9.805336506317409873e-04
