9.503099999999999881e-01
9.497750000000000359e-01
9.499849999999999683e-01
9.506649999999999823e-01
9.510300000000000420e-01
9.495200000000000307e-01
9.502300000000000191e-01
9.496350000000000069e-01
9.500199999999999756e-01
9.502049999999999663e-01
9.497799999999999576e-01
9.512399999999999745e-01
9.524550000000000516e-01
9.514599999999999724e-01
9.473399999999999599e-01
9.438600000000000323e-01
9.474050000000000527e-01
9.514700000000000379e-01
9.525000000000000133e-01
9.510600000000000165e-01
9.506499999999999950e-01
9.496900000000000341e-01
9.503350000000000408e-01
9.499250000000000194e-01
9.502950000000000008e-01
9.506350000000000078e-01
9.502399999999999736e-01
9.489849999999999675e-01
9.505000000000000115e-01
9.506750000000000478e-01
9.504899999999999460e-01
