1.000000000000000000e+00
1.000000000000000000e+00
9.979705838550951835e-01
8.046707909063008923e-01
7.021804659549506500e-01
5.503903888215577744e-01
3.894386919347337939e-01
2.950567590145157237e-01
2.573333916174365132e-01
2.108999059700958079e-01
1.954214776886329386e-01
1.912437281703541214e-01
1.899160724605296613e-01
1.784174787329647904e-01
1.847048528208747320e-01
1.693846646332123063e-01
1.531113081253591413e-01
1.604762146859338989e-01
1.598754760283442877e-01
1.598903712594658133e-01
1.582395868370842229e-01
1.455009742579525256e-01
1.539904984005988908e-01
1.481235610222924326e-01
1.497306218750615037e-01
1.430118882170495764e-01
1.461347941123526950e-01
1.548476432427184912e-01
1.390498137395755895e-01
1.479650563401097019e-01
1.391539571824863264e-01
1.342089847235997391e-01
1.319211007482412323e-01
1.469224076868596851e-01
1.379235089201432396e-01
1.454405988834911179e-01
1.313758069560786168e-01
1.239985891115975153e-01
1.195004180059525412e-01
1.215378102816454947e-01
1.272809009906401556e-01
1.392038066728659429e-01
1.251258932026648452e-01
1.164309181464822790e-01
1.331260488526484764e-01
1.139373728864114810e-01
1.356781928687537664e-01
1.247917172627125149e-01
1.241598280321499215e-01
1.279861796862128143e-01
1.262965697931315301e-01
1.223411574542984798e-01
1.235487381034015703e-01
1.220529566196156546e-01
1.215791462654768201e-01
1.177964605774942941e-01
1.213539244838652414e-01
1.350649675230763680e-01
1.121257098910321132e-01
1.114521942986702319e-01
1.179892481854981356e-01
1.139024673552852807e-01
1.068962788139476844e-01
1.170601575760444046e-01
1.185378762065626146e-01
1.214072892375069462e-01
1.193132750415649562e-01
1.155929358381546923e-01
1.285175708889635116e-01
1.206683601438283820e-01
1.040801297699100736e-01
1.117105776122715027e-01
1.225708433146461551e-01
1.126715489100379164e-01
1.020158700049461492e-01
1.088320212308721280e-01
1.112290073991261258e-01
1.203407692255086814e-01
1.079560109683279784e-01
1.085200230030576724e-01
1.044506872395311592e-01
1.136758280587133324e-01
1.155611971161847190e-01
1.086746410465836143e-01
1.019742451361789343e-01
1.082334853958036858e-01
1.196880922847302631e-01
1.063099061454836486e-01
1.082794944177132429e-01
1.062578933840022249e-01
1.041269549166885522e-01
1.065037882072093350e-01
1.028456246837070875e-01
1.072967121166314985e-01
9.900220045024912818e-02
1.050090422980116261e-01
9.714180810910438835e-02
9.728494806581157450e-02
1.097839414996293061e-01
1.113083396187711654e-01
1.113286592531096686e-01
1.005122013012390292e-01
1.030035490152677591e-01
9.558622104628286542e-02
1.004810974278901037e-01
1.052955840967938761e-01
1.062915980041639202e-01
9.739522930601150763e-02
1.001877925381170764e-01
1.106034438766562017e-01
9.863502934629644892e-02
1.090570747996463391e-01
1.036464791194894042e-01
1.015667236664999917e-01
9.956048579649029451e-02
9.756870970527665998e-02
1.052474732447010175e-01
9.862316585083884257e-02
9.935795749336964744e-02
1.007242117201900267e-01
9.699725057372142467e-02
9.648126690432384800e-02
9.233655470186215297e-02
9.605826779765805346e-02
9.387181323772977870e-02
1.038275712341606427e-01
1.115578785462093825e-01
9.457099790537577821e-02
9.656148573504330646e-02
9.578417179607132126e-02
9.286958817418108914e-02
9.971691603319447761e-02
9.943537374704118637e-02
9.760254803610987628e-02
9.920115796852113643e-02
9.367274590284806191e-02
9.609954860810827892e-02
1.005674403657884491e-01
9.750728838451669378e-02
1.013886532073491470e-01
9.420852620357232643e-02
9.339914061131765477e-02
9.772346449270517821e-02
9.899829148630771847e-02
9.860186617502422757e-02
9.507987767877711105e-02
9.511529928419328039e-02
8.659798262228680932e-02
9.820986390915255326e-02
9.613820501897848980e-02
9.001274807249341758e-02
9.849278486901753837e-02
1.023241156633628024e-01
9.416229802446025865e-02
9.725911064825955299e-02
1.079143481632558466e-01
9.754777993171299955e-02
9.031801850810967924e-02
9.610104735223864991e-02
9.541792294024578625e-02
9.772243001655606109e-02
9.792519826119081006e-02
9.885193596930677562e-02
9.855810775745033059e-02
9.894764359169438972e-02
9.891987517911497718e-02
9.147833765130319872e-02
9.386585555856086227e-02
1.007668016171905101e-01
9.169581904503837366e-02
9.003278474192137615e-02
9.630438637750879383e-02
8.698759461341756816e-02
9.418941074605997887e-02
9.387736292804171878e-02
8.773199590693259164e-02
9.640283441502747741e-02
8.684745208083494150e-02
8.696537817669919290e-02
9.158550757921046781e-02
9.383641686547680716e-02
9.541311012866293684e-02
9.139323912392098570e-02
9.384613857210800936e-02
8.693718826106852648e-02
9.319925166275153106e-02
9.252445532795940120e-02
8.455057809200004770e-02
8.759435006069886398e-02
8.588082361578232293e-02
8.540447792498830071e-02
9.517251539437163177e-02
9.267938930499629302e-02
8.774311531850823020e-02
9.408101734981247355e-02
9.244137952671421798e-02
7.930373727668942052e-02
8.184391989178005367e-02
8.710443268884908441e-02
8.863489272645136419e-02
9.202658115607381673e-02
7.942752386286160149e-02
9.084442136126880118e-02
9.941619895552190889e-02
8.749869304954531468e-02
9.078568021438147839e-02
9.003616239102749108e-02
8.952436399745439255e-02
9.434634623323787106e-02
8.770293764450876051e-02
9.375750684338426955e-02
8.868174488008612188e-02
8.884748456196850386e-02
9.667160121746118384e-02
8.847439764604329848e-02
9.770769595782956285e-02
9.171111511481551404e-02
8.664465706758277264e-02
8.829903517426367088e-02
8.200516010371033948e-02
8.373877945047938920e-02
9.222024621708020675e-02
8.582076478216799087e-02
9.127572250478634130e-02
8.695739353999082377e-02
8.886702520264441740e-02
9.040938126534461827e-02
9.387648260300200664e-02
8.921822921294264574e-02
8.199413322926767111e-02
8.858779512569547876e-02
7.979259358950206715e-02
8.728691146853541361e-02
8.839858482709590792e-02
8.618676999603645805e-02
8.310413410123206057e-02
8.094121803076553823e-02
7.694044287055946951e-02
8.933632685608214330e-02
9.046823428504148501e-02
8.776601849454446214e-02
8.832443300611995951e-02
8.304908615129240335e-02
8.613142718039840107e-02
8.754064678143007316e-02
8.879186291730220559e-02
8.247781916540453118e-02
8.757673335555303529e-02
8.992635751061192617e-02
8.275723263456430390e-02
8.660194020381878355e-02
8.487154686737682918e-02
8.337413907744622987e-02
8.674533793951985650e-02
8.089130586989468075e-02
8.506685419584930630e-02
8.464794413472041812e-02
8.864985839300477954e-02
7.413274538528599744e-02
8.304486840334179831e-02
8.330125929982459820e-02
8.214680588817635520e-02
8.572940335394253764e-02
8.655477180902138024e-02
7.890563849385959228e-02
8.483131582287598005e-02
8.879847426786549591e-02
8.004155590018267874e-02
8.311043960281160048e-02
9.010334236126110730e-02
8.747592569175015320e-02
8.351537276117426689e-02
8.007175304058063159e-02
8.814852781922023761e-02
8.063285079346377282e-02
9.277761725633311418e-02
7.765023415577186616e-02
8.259783265667061669e-02
7.845878055551336328e-02
8.520308361420937671e-02
8.566926605496337499e-02
7.891817307784261548e-02
8.652327357024194865e-02
8.464412028259314658e-02
8.657582464634767938e-02
8.775945295509002264e-02
8.335041485224813085e-02
8.359997318384605747e-02
7.824613359581737704e-02
8.735432301287728019e-02
8.246129170693880517e-02
8.034038003030452568e-02
7.869037804336213859e-02
8.213552206112417764e-02
8.438360255440713331e-02
8.901109925604483442e-02
8.791394261733630200e-02
8.188962443723046825e-02
8.284446789491148322e-02
8.374438151531633789e-02
8.119694441827414455e-02
8.676487566695183229e-02
8.679050417945421980e-02
8.678862244718291152e-02
8.008292478835206396e-02
8.018561115773389925e-02
8.233183091552086219e-02
9.216465084947735031e-02
8.288393435798425968e-02
8.740923627715602162e-02
8.393170803983021622e-02
8.113678794242408510e-02
8.036037767996692671e-02
7.440962702636519377e-02
7.722622906098300377e-02
8.542396934085580429e-02
8.015316233642549859e-02
7.829816252010325661e-02
8.347103674961126041e-02
8.149569462206050774e-02
8.192304625435019305e-02
7.660664487644380793e-02
7.935347287490145118e-02
8.071779005502162374e-02
8.145629075667824848e-02
7.913918984060680506e-02
8.333222694665139152e-02
7.559380971036812336e-02
8.449232657325625451e-02
8.058945369815750936e-02
8.040340509209896458e-02
7.842881212472983810e-02
8.568079162380302927e-02
7.892025584289827367e-02
7.960155585816258705e-02
8.450028330099794427e-02
8.207100178210031960e-02
7.036882039625799723e-02
7.560778633224653211e-02
8.014109738644932535e-02
8.146320779995830375e-02
7.410436296086346519e-02
7.969416367883466745e-02
7.898918292854725798e-02
8.432456575719318725e-02
7.671448016360261912e-02
8.184187306579046584e-02
7.666801375239559735e-02
7.615046162497580984e-02
8.237871777027527820e-02
7.668412713591589436e-02
7.816310997580190600e-02
7.575474932680913154e-02
7.209117286418628701e-02
7.719285878562064107e-02
8.855384537515485766e-02
7.737867334760228921e-02
7.573696604450295966e-02
7.754569251949697262e-02
7.474514713318425319e-02
8.128846717564677804e-02
7.849607201898115005e-02
7.769270431384958653e-02
8.528021460190621239e-02
8.117827015459543050e-02
8.278489851873588323e-02
8.221561969244334245e-02
8.120728861623321970e-02
8.106989988185973883e-02
8.068979298979370163e-02
8.245477913438668816e-02
7.913321724354872855e-02
7.715677547994286012e-02
8.062331135292211126e-02
7.199295792770832314e-02
7.203389815103058980e-02
8.135613727022358854e-02
8.341895858245863826e-02
7.483166303837539279e-02
7.356880926561146228e-02
8.426687819296416193e-02
8.152804820889682225e-02
8.768577002942903875e-02
7.942265068743348255e-02
7.768359924703781283e-02
7.894390149939786716e-02
7.678140220783878644e-02
7.419771603101828206e-02
7.456175129795973577e-02
7.679622945830007208e-02
8.015583992375761857e-02
7.514017833155293979e-02
7.212235773812891715e-02
8.119814316576151603e-02
7.571714836401553794e-02
8.405292579621302662e-02
8.190874059684971620e-02
7.511325673773841527e-02
7.993588496304021573e-02
7.782484056847174814e-02
8.004393442073708120e-02
8.574279795323845599e-02
7.879319591871142281e-02
8.229347944650519664e-02
8.021771921472817257e-02
7.456169369992345086e-02
7.438323741613817042e-02
8.100539945946387543e-02
8.453476701651917169e-02
7.515543924730529179e-02
7.815276606095687695e-02
7.033528424617016550e-02
7.343985938584141060e-02
7.827637857504668450e-02
8.284706574677885849e-02
7.870445279663838833e-02
7.892810955078725932e-02
7.606627248249653306e-02
7.898701865837239044e-02
7.777034620923804764e-02
7.764203310913725398e-02
7.426194635142492617e-02
8.112844202145344519e-02
8.285006044967695160e-02
7.249938451257022243e-02
7.767500352453383938e-02
7.440587916064199392e-02
7.816582816404080147e-02
8.252409196017590487e-02
7.419859658592919960e-02
7.425095287458625959e-02
7.736785587459771296e-02
7.534835071129154793e-02
7.700507760062928753e-02
7.573062366010055446e-02
7.359349676998472312e-02
7.500476500524458356e-02
7.284298814572129355e-02
7.154506367045689041e-02
7.310220889232531272e-02
6.875215787201473250e-02
6.860583798199128280e-02
7.602663987449999328e-02
7.784959374801556087e-02
7.287710870836869304e-02
7.124908588487997851e-02
7.115641478649809004e-02
6.958233060773194589e-02
8.377914830973953730e-02
7.684827427090808183e-02
7.801677346657254208e-02
7.793288754604425772e-02
7.525461181982459613e-02
7.344937968570111608e-02
7.447887935039947116e-02
7.305612727229221504e-02
7.571771176000605119e-02
7.229004993711705962e-02
7.027933456810585289e-02
6.805271659394696027e-02
7.747131599671952529e-02
7.587052977331791570e-02
7.373265333617848305e-02
7.170903035326826880e-02
7.526555624419045687e-02
7.373970231195202396e-02
7.183729578244547886e-02
7.882208848443328364e-02
7.076749341325058729e-02
6.541663753841144013e-02
7.687403754875377082e-02
7.389595426455165816e-02
8.060507134015261477e-02
6.898206071493125091e-02
8.476081152127352969e-02
7.375477347892837876e-02
7.069440679370828096e-02
7.741520753049670189e-02
7.409698685207649627e-02
7.342111063312217745e-02
6.824351249479075621e-02
7.850179166499425543e-02
7.322270634604692574e-02
7.100175317718315782e-02
7.735807965368642070e-02
6.857166995426541845e-02
7.230427325107073588e-02
7.493279282642317796e-02
7.465220325636227894e-02
7.490613303416077118e-02
7.036421647093962783e-02
7.169051221262225104e-02
7.941271963435052317e-02
7.498399632168774309e-02
7.606241949841503758e-02
7.677705282213416471e-02
6.857858042831205259e-02
7.171811557373868051e-02
7.811979926324578993e-02
7.878059488534039367e-02
7.106747272467196785e-02
7.574904470028390180e-02
7.701561656664702993e-02
7.179647306617897851e-02
7.168861347910297777e-02
6.889047634643170881e-02
8.130453091569703195e-02
7.655179297978974284e-02
7.927115148680552448e-02
7.446027268791889642e-02
7.918453504685114830e-02
7.656779413321398997e-02
7.252617559978717654e-02
7.203392175561007527e-02
6.864027422368615405e-02
7.928388312179245057e-02
7.448631601499372534e-02
7.472386707799459626e-02
7.063540467745928197e-02
7.567665582113818068e-02
6.726674435239408945e-02
6.682747722334117513e-02
7.201812064491230903e-02
7.327154356333274998e-02
6.674299886241273627e-02
7.547275058265212611e-02
7.338915325520703470e-02
7.652847646925363401e-02
7.233746835082020821e-02
7.138089042750143942e-02
7.359617182326778917e-02
7.036542439163595564e-02
7.119266911422085509e-02
7.266178096950275112e-02
7.515092064958414642e-02
7.144523945648871555e-02
7.159682141286473345e-02
6.938997668065054192e-02
7.319748291571490095e-02
7.474772384084202304e-02
7.312510770558629247e-02
7.053556573916189287e-02
7.278583813775479916e-02
7.506699822071240258e-02
7.049783607801947405e-02
7.016909996790353377e-02
7.157965781214462031e-02
7.503455415936088890e-02
6.606526759221464928e-02
7.269777603304870828e-02
7.088316077930016668e-02
7.069346785426423863e-02
7.216056789515194747e-02
7.489836439164608561e-02
8.095400539921480954e-02
7.338595341755299595e-02
6.921664967507203114e-02
7.282314555358132546e-02
7.481664222221830196e-02
7.021061523508036195e-02
7.633082526799657430e-02
7.915129165549046608e-02
6.996894801355599269e-02
7.199379475962018604e-02
7.152852818910912513e-02
6.809362365714718979e-02
6.759293463645933697e-02
7.397728873059100652e-02
6.674465272370271041e-02
7.514598265162833468e-02
7.123282855329175767e-02
7.173901221177048093e-02
6.703841342976948892e-02
6.810093979771882078e-02
7.814636371767294531e-02
7.440240253247190627e-02
6.865729195155820253e-02
7.147813775149985949e-02
7.182010226463708680e-02
7.153953551683633894e-02
7.628243086277348983e-02
7.170430370774520668e-02
7.116128107075518627e-02
6.885607003865412690e-02
6.968939938577899118e-02
6.891749633886967707e-02
7.090869263868333772e-02
7.221176705134556284e-02
7.661945957504162630e-02
6.815546326137901512e-02
6.440822397009196565e-02
7.458857404167494598e-02
7.231239212871788669e-02
7.013042235230083910e-02
6.823509005447046805e-02
7.174705309191857505e-02
7.248003198156716120e-02
7.371856247753913460e-02
7.219816950272824052e-02
6.934841370378498626e-02
7.362765675036614388e-02
7.273851853087484609e-02
7.150641029731671927e-02
6.996545764737990836e-02
7.609289581024182569e-02
7.362795174060982051e-02
7.263183622338197087e-02
7.637150594783786994e-02
7.237998354098015841e-02
7.005570648307148096e-02
6.667184453226732144e-02
7.497025898012532608e-02
7.117418111531037539e-02
6.791040021941839588e-02
7.292726390707858497e-02
7.101062933995219706e-02
6.255739463866312466e-02
6.905904037250451544e-02
6.732603024235225830e-02
7.183285399377198344e-02
7.065591313234914628e-02
7.093546715139102676e-02
7.044938180922939719e-02
6.694493965604404739e-02
6.613154108765469108e-02
6.914460192125662652e-02
6.560235109946101206e-02
7.156232866334354126e-02
7.031655221778179699e-02
7.352190818605584821e-02
7.246801644592575087e-02
7.470375815559238131e-02
7.338344575082483834e-02
7.159891906889209734e-02
6.820250248854559105e-02
6.566681307048118088e-02
6.178800947527945259e-02
6.795755241152184878e-02
7.185932155828307633e-02
6.322906792601808157e-02
7.478495918456576352e-02
6.769817302657810121e-02
6.324611597993365364e-02
7.281347786319075643e-02
7.303738692097587470e-02
7.366507713111662692e-02
6.897060609776235751e-02
6.814013449982921078e-02
7.004812760018522266e-02
6.965330070879742486e-02
7.229560307978387390e-02
7.160385196357278714e-02
7.341250434416252135e-02
7.398525795102001146e-02
6.996712526527598675e-02
6.852733299657258470e-02
6.843758334155744527e-02
7.051206075075194812e-02
7.052586737386459803e-02
7.385616125750620042e-02
6.580306867322172071e-02
7.030484803540104632e-02
6.761273174356709215e-02
7.184817425083392384e-02
6.723380860324888741e-02
7.073297886649380917e-02
6.688778240451873081e-02
7.015939472232646246e-02
6.955650559678475120e-02
6.644356849144229804e-02
6.743747902669743055e-02
6.925464590727155312e-02
7.076700921243493647e-02
6.889263223917004020e-02
7.071371764389036696e-02
6.454534307343341715e-02
6.658207916701938678e-02
6.941944797178631332e-02
6.499297783176961885e-02
6.846598755956169458e-02
7.131175463811185999e-02
6.429632049597794330e-02
7.305787365256902199e-02
6.815522345623643841e-02
6.318894058403304315e-02
6.725901658795695182e-02
6.962545993185483006e-02
6.470242597156217190e-02
7.516238374678624323e-02
6.443934848474652810e-02
7.199247893503256390e-02
6.976146258637781761e-02
7.017200380546745331e-02
6.559436291290567100e-02
7.611990120708023166e-02
6.784827215261460265e-02
6.921721383687298723e-02
7.565508734219650311e-02
6.923971333742069689e-02
6.636720401891703369e-02
7.112559482609270844e-02
6.963702126772022827e-02
6.941001671571896126e-02
6.204390915170809873e-02
6.825577889306584656e-02
6.685661592662786590e-02
7.303797964332343906e-02
6.327818640062260469e-02
7.050560053948487504e-02
6.487201227100557188e-02
6.599196514807775804e-02
6.834403341427863765e-02
6.507252796354344448e-02
6.592333853356066586e-02
6.912539467331020593e-02
7.133284836261354067e-02
7.268898466976483896e-02
6.617802984013954060e-02
7.106770495301772961e-02
6.466515063674038721e-02
7.017472299542813763e-02
7.125534459250533470e-02
7.126851746628677653e-02
6.851880294887628675e-02
7.025201790651863787e-02
7.313471970543594658e-02
6.757011941173415859e-02
6.654603154010911570e-02
6.541708106175644910e-02
7.279561271335117933e-02
7.126916574383623804e-02
7.751456810091386651e-02
6.821485337417701467e-02
6.303836471359025584e-02
6.582876880080905380e-02
7.008440640840346569e-02
6.756359967635207353e-02
6.752829997372837567e-02
6.569333038189020813e-02
7.203261189199616776e-02
7.082322884967523491e-02
7.523709660228036777e-02
6.365852064672648802e-02
7.487252288359298735e-02
7.153950685649998475e-02
6.001602690251699873e-02
6.935846027549825987e-02
6.730913413515068888e-02
6.619562968940502501e-02
7.132935283116743908e-02
7.455270891027533653e-02
7.111571471054980997e-02
7.610890753150267862e-02
6.963619638738623163e-02
6.735707739140987804e-02
6.399843112665784539e-02
7.966314667200637134e-02
7.082991255829265698e-02
6.732715306125094945e-02
7.371166343493792961e-02
6.760679469974104072e-02
7.581997596174611109e-02
6.761330943950215333e-02
6.893959540972532940e-02
6.865009247078418531e-02
6.838533767404161856e-02
6.847004035919018738e-02
6.518911535336854857e-02
7.099801098752782369e-02
6.606437625527289415e-02
7.032344454105267373e-02
6.892922384477161157e-02
6.191313691038129174e-02
7.470381257546944431e-02
7.321920029402714802e-02
7.500491487192462170e-02
6.682713474588156122e-02
6.702794869002579037e-02
6.562897347168161755e-02
7.026304567014850233e-02
6.334489945197181726e-02
6.854923203499638240e-02
6.636115771597062007e-02
6.403168426496795573e-02
5.967645433853560610e-02
6.843976790553973899e-02
6.683799851669257330e-02
6.238373204735046806e-02
6.499406110524938440e-02
6.435065142843802988e-02
6.305694734123244716e-02
6.851708218116915605e-02
6.299109744480760331e-02
7.291771025024702813e-02
6.631005791431582308e-02
6.441334999187041388e-02
6.469446803121861600e-02
7.351979099810466989e-02
6.125464928132808712e-02
6.215650073258265074e-02
6.930297072665582425e-02
7.024749195878216002e-02
6.504852561966412150e-02
6.496349046828552021e-02
6.888622362465868232e-02
7.119408000894771049e-02
6.980609966947820544e-02
6.580842900454113298e-02
6.728543642382191214e-02
6.729259526275414849e-02
6.416484860369806031e-02
6.750007471332884756e-02
6.735133300106507792e-02
6.933040155775201108e-02
6.805267345327918604e-02
6.470065796306354033e-02
6.481178927283524904e-02
6.168589991225138097e-02
6.404016683725989589e-02
6.304734695337457784e-02
6.977466954852221126e-02
6.496083915930958574e-02
6.849022891513405209e-02
6.712536209542878385e-02
6.593635966997939135e-02
6.819062322725194525e-02
6.388590487547778085e-02
6.932051657791142574e-02
6.804247656088627250e-02
6.635547027004139176e-02
6.543542212673841840e-02
6.777945104014447553e-02
7.048426626259715611e-02
6.669846924418795786e-02
6.407888962356715623e-02
6.344260903617124359e-02
6.453836565742708531e-02
6.399628503295105852e-02
7.187553463243225027e-02
6.407016657923683689e-02
6.609701046658401913e-02
6.994873215009160539e-02
6.920715125817737678e-02
7.032003552125484780e-02
6.705970665053491431e-02
6.563282810822075597e-02
6.683513578622152229e-02
6.636947556547671823e-02
6.166236264688978314e-02
6.596018955671069384e-02
6.114135078048445887e-02
6.847559961666180306e-02
7.116457828631930771e-02
6.345559219549713748e-02
6.739142269667555696e-02
6.986896109708352898e-02
6.031011975384911739e-02
6.879010229694224043e-02
6.451279182498495524e-02
6.943016878591014296e-02
6.523325971392239520e-02
6.568010195752309321e-02
6.530239685644370629e-02
6.977965724080950616e-02
6.857243408010604835e-02
6.968323774915893831e-02
6.835912378932218481e-02
5.638477935965793830e-02
6.570573144084149164e-02
6.591522615473266455e-02
6.394888621469101142e-02
7.024850786115444112e-02
6.840520800889411668e-02
6.486757820670034647e-02
6.301060322537306579e-02
6.910177120756741398e-02
7.047418036049950263e-02
6.473012358787108567e-02
6.403503967725675261e-02
6.731230520272436790e-02
6.808756578094123102e-02
6.357190594997370880e-02
6.601320395550593079e-02
6.682814992662822196e-02
7.222924784616287230e-02
6.431992735896985280e-02
6.600971310714397189e-02
6.398876883609654065e-02
6.469344389714622168e-02
6.696451830766352031e-02
6.321352810614409845e-02
7.429941965600811438e-02
6.492489307082643935e-02
6.412879410562377647e-02
6.411301737991655092e-02
6.703619325236437332e-02
6.811382822778695723e-02
6.705058238960082129e-02
6.816073747101909774e-02
6.886561476633999701e-02
6.465563243568328566e-02
6.794827537324513167e-02
6.615509119440465824e-02
6.303404961202471735e-02
6.620048883198365042e-02
7.281919787714583037e-02
6.277916517357289006e-02
7.357577671781628803e-02
6.760168891250156742e-02
6.704752748921109784e-02
6.762210638011799391e-02
6.607720148276348404e-02
6.508503427141770770e-02
6.498968710992435172e-02
6.452174616379002803e-02
6.578636514974769978e-02
6.392184430876131362e-02
6.303616668143270652e-02
6.354424309777556568e-02
7.165545323565408742e-02
6.391196594406400866e-02
6.007698714289180092e-02
6.358085595326962158e-02
6.644173297454286642e-02
6.320255528232750220e-02
6.508018740940772762e-02
7.248762110456827279e-02
6.146611948326299174e-02
6.456988324826380687e-02
6.801300563382664532e-02
6.933278668433844050e-02
6.963616241420403363e-02
6.395133542599719390e-02
6.743242106609674547e-02
6.493991145354367778e-02
6.444771676193525312e-02
6.376371589474129353e-02
6.145726255407985006e-02
6.927522207334176063e-02
6.992625583359832198e-02
6.227046114832405360e-02
6.646284793785355027e-02
6.215625484146840296e-02
6.585754671682229888e-02
6.301720408698818776e-02
6.437571394655056123e-02
6.389642376085385989e-02
6.341120428408512921e-02
6.525027914582257060e-02
6.718386540468583579e-02
6.446894087520654848e-02
6.346954237316611291e-02
5.943495097952328221e-02
6.324548243942149095e-02
6.376540523344341460e-02
6.549188055415855469e-02
6.297187898775881421e-02
6.835864510660526194e-02
6.884967067170656707e-02
6.844804671813661812e-02
6.906747814668651175e-02
6.554631863859800012e-02
6.426597254828024519e-02
6.689512261233261647e-02
6.215013410733290916e-02
6.558971106641098281e-02
6.338258589694815981e-02
6.939192330886341520e-02
6.778787931693748547e-02
6.796626692778263978e-02
6.914935780905154261e-02
6.333706621557429195e-02
6.462773040310709760e-02
6.194921511573973916e-02
6.714276173252696489e-02
6.864834368059623271e-02
6.444137809243985493e-02
6.583905063912121047e-02
6.472698904219277571e-02
6.723866516813756244e-02
6.309716433595072282e-02
5.870730181642658946e-02
6.216295352933786517e-02
6.371122922974280234e-02
6.332968157818068267e-02
6.974608091214408445e-02
6.625952550350551473e-02
6.629447860158807493e-02
6.634625720948601757e-02
6.419297477774023319e-02
6.436496595356849815e-02
6.269337862365369218e-02
6.038173618003169624e-02
6.493589741878037780e-02
6.388240604282051371e-02
6.222845319834075656e-02
5.981480083636010747e-02
6.168216138517537001e-02
5.791970007295918488e-02
6.199061900390296503e-02
