1.000000000000000000e+00
1.000000000000000000e+00
1.000000000000000000e+00
9.935468743378058631e-01
8.191599599124632647e-01
7.196258342198430524e-01
6.257186467929425344e-01
5.233540103019971301e-01
4.498898321224119035e-01
3.919470551803360125e-01
3.655983371971247009e-01
3.445865602638035763e-01
3.414153530344786747e-01
3.202107132667791900e-01
3.130023736512800858e-01
3.040966222877255487e-01
2.910038234390160405e-01
2.637327811063739369e-01
2.690862805257607793e-01
2.646894098462050371e-01
2.731959802412519123e-01
2.711861261048736926e-01
2.634729789570917080e-01
2.415319850868205553e-01
2.629521763900995457e-01
2.423102954992503721e-01
2.406748342925532635e-01
2.349889847177467628e-01
2.434090288245643607e-01
2.316700347413744310e-01
2.458001247720484339e-01
2.305775328283291292e-01
2.262791882993677728e-01
2.138925269762773917e-01
2.194671091201042534e-01
2.193138925396703465e-01
2.389063929261872055e-01
2.225824586828983043e-01
2.393131562397611545e-01
2.188907820400311233e-01
2.026788240021463183e-01
2.177305985083106687e-01
2.188348424849345109e-01
2.148627466842719658e-01
1.992573102202428448e-01
2.065167372268857104e-01
2.011880058158498352e-01
1.986608891899408480e-01
1.983776482065773561e-01
1.966522178360519679e-01
1.985376808718929131e-01
1.990521016720257774e-01
2.055982630690254553e-01
1.975687415530843205e-01
1.816645920647323442e-01
1.936903181722808287e-01
2.102273558122280117e-01
1.998248210245960887e-01
2.026725301437710680e-01
1.798048339435558418e-01
2.004701591591827869e-01
1.900344785645306234e-01
1.998426143168832159e-01
1.912366216283154230e-01
1.882316963236590757e-01
1.854612271573435889e-01
1.862754940229484069e-01
1.907484087827766295e-01
1.792443394270504531e-01
1.879676791214922871e-01
1.790475233253343845e-01
1.831547570645491452e-01
1.889148343383138251e-01
1.771719785908126010e-01
1.875841917330636210e-01
1.810645130550539439e-01
1.879466297783039530e-01
1.811806283921563177e-01
1.765739302793672416e-01
1.855517315127917788e-01
1.792215394837257669e-01
1.778591309891325023e-01
1.756242090534941014e-01
1.828594428862284627e-01
1.799402682321407654e-01
1.722881000155201403e-01
1.762299300475987929e-01
1.730750180264641891e-01
1.779039603146256587e-01
1.652529788991668747e-01
1.702406651597831444e-01
1.846132732236235030e-01
1.701068584255559235e-01
1.705950162061913855e-01
1.714228064561219567e-01
1.566900984413566178e-01
1.630275207818918659e-01
1.740577571419203162e-01
1.578660594942695172e-01
1.671324272382660736e-01
1.689019799697214219e-01
1.651211209579186434e-01
1.683764216448082607e-01
1.667305143262855782e-01
1.637952809542804200e-01
1.695541258965613529e-01
1.643854142375843208e-01
1.602044260346668914e-01
1.631579739616736691e-01
1.705543039159073959e-01
1.659233530702410309e-01
1.603187641599996272e-01
1.688711400465301160e-01
1.670364415271175240e-01
1.743427543066739804e-01
1.653115184955830375e-01
1.669471845959434320e-01
1.609245742916454169e-01
1.550871855020891366e-01
1.605775679489261365e-01
1.608042656436272921e-01
1.682725951244847806e-01
1.563989014869536787e-01
1.658479393609926245e-01
1.517013653809079210e-01
1.599940147415671587e-01
1.493981940367151706e-01
1.562059871000012201e-01
1.678891578816080477e-01
1.625901835723764788e-01
1.490231118779819508e-01
1.641209304031219784e-01
1.649470909761479587e-01
1.530899114650978166e-01
1.568436709545605323e-01
1.583720082046380928e-01
1.490878112207533468e-01
1.533842268653468344e-01
1.547315108989499866e-01
1.590806824573246236e-01
1.442942487406350394e-01
1.553187117711405663e-01
1.495911380690184977e-01
1.500119153956991080e-01
1.434980774865591002e-01
1.445831552435300482e-01
1.486724492117936225e-01
1.551299326407569734e-01
1.468422789438862397e-01
1.545184329221026276e-01
1.509001065943297026e-01
1.499791869256239807e-01
1.521229898811235770e-01
1.346552768350156581e-01
1.415970282182653917e-01
1.536130170424979124e-01
1.519239641415593978e-01
1.421715261482596193e-01
1.453169473503157783e-01
1.597194569984753953e-01
1.438525979603833271e-01
1.470508473545954486e-01
1.480626623232216277e-01
1.468151319987666958e-01
1.456851365317597125e-01
1.601998480368479749e-01
1.402938285594265144e-01
1.484278243786560092e-01
1.365707249679183333e-01
1.497967357787309273e-01
1.451813522830180947e-01
1.441602310269122500e-01
1.474707868266378064e-01
1.522679271316655647e-01
1.478875049373231110e-01
1.377496870934823148e-01
1.505189381911337110e-01
1.551378540259024108e-01
1.403949078688687957e-01
1.444174774295690356e-01
1.471242498250503461e-01
1.463488942177628149e-01
1.493697576196411636e-01
1.445579705212697297e-01
1.503301436087290943e-01
1.438160590789401561e-01
1.447799267224025022e-01
1.312412852219869974e-01
1.444269330605507384e-01
1.420540424019977044e-01
1.411635868760632018e-01
1.486081637669421363e-01
1.490687244021448865e-01
1.443121622308661256e-01
1.437931909619647453e-01
1.403335507466976217e-01
1.388547091110087228e-01
1.512119110438585323e-01
1.336942784918553895e-01
1.377272923173619990e-01
1.332277273487288971e-01
1.345819364588145550e-01
1.477819766188769313e-01
1.438444390561320896e-01
1.435132486024584542e-01
1.335538173347899371e-01
1.349700058489609333e-01
1.376924118670375397e-01
1.343675202264173474e-01
1.466966931297748467e-01
1.356186178666722031e-01
1.379822450539343326e-01
1.311322745081344998e-01
1.425579656463709100e-01
1.360306391853460528e-01
1.314947791038220126e-01
1.399359315279817273e-01
1.401214249550793711e-01
1.413374913264873189e-01
1.326477354489491722e-01
1.413054043677659244e-01
1.364959457388323361e-01
1.428180327714329290e-01
1.271916394603486433e-01
1.323599233251079588e-01
1.434637195908464724e-01
1.340745002433270106e-01
1.404436485219401620e-01
1.385638914233319752e-01
1.320001620041853230e-01
1.327039192281756208e-01
1.347349959247521045e-01
1.349666564515288880e-01
1.403710563718496840e-01
1.475181964128578216e-01
1.447540139740985110e-01
1.420155603217390095e-01
1.324756722033045009e-01
1.362822584937235793e-01
1.348342568595465307e-01
1.264895338162173866e-01
1.356262929204212209e-01
1.373487676388565892e-01
1.309757891132358187e-01
1.270492744348584724e-01
1.314962821723532627e-01
1.333428977381046765e-01
1.337456203597543192e-01
1.337001399437514892e-01
1.425292706544296906e-01
1.352670449750269788e-01
1.299969161251552374e-01
1.394477289767325212e-01
1.384126241037128557e-01
1.321391161094516431e-01
1.352334924201351596e-01
1.372937190252052353e-01
1.410366707683226861e-01
1.340296479892731651e-01
1.270177882298068606e-01
1.201774918455486424e-01
1.374869524728512260e-01
1.227636361164749640e-01
1.215227932995476406e-01
1.361515551464453078e-01
1.378346531467967984e-01
1.373773612391231969e-01
1.269547088871464946e-01
1.290844775498982411e-01
1.322613245340805987e-01
1.278455948102886486e-01
1.258269083449728154e-01
1.263976558121732152e-01
1.318572915938586443e-01
1.249702578954236393e-01
1.359691053189734378e-01
1.282035063034941413e-01
1.392764346636675421e-01
1.275797550840601646e-01
1.257890022217307280e-01
1.351788059213515358e-01
1.367849487954388987e-01
1.316473289897791277e-01
1.241910049270147781e-01
1.282021418243824706e-01
1.258218402137309955e-01
1.318725959872039943e-01
1.214834712404594397e-01
1.284098891751590532e-01
1.214965685229082160e-01
1.337677467391938380e-01
1.216594644231425576e-01
1.239072330353582357e-01
1.300428644501079589e-01
1.263981610584402615e-01
1.331528876193253108e-01
1.328664395727505165e-01
1.320188273381237842e-01
1.278225548729612360e-01
1.192946201264886569e-01
1.244863930627328474e-01
1.275243293483001861e-01
1.230740819890968479e-01
1.290151865855701241e-01
1.185143514526803554e-01
1.263378077245120579e-01
1.345760625596324478e-01
1.265123360775168571e-01
1.329543539755788928e-01
1.276790033782398137e-01
1.234377265349025643e-01
1.211679112491415022e-01
1.289704176534701152e-01
1.311929281385623702e-01
1.231999736427178693e-01
1.354626459675285222e-01
1.221801867766058453e-01
1.267403359576878275e-01
1.274696665873103485e-01
1.251807692670702521e-01
1.256819120751327679e-01
1.221566210025146620e-01
1.245539462171263712e-01
1.189632088555912792e-01
1.213941933160097297e-01
1.251695365690585204e-01
1.327912324173904368e-01
1.152881773879427668e-01
1.248344335574730624e-01
1.197127043315139028e-01
1.219933512191943015e-01
1.255375718751244318e-01
1.294729354866061832e-01
1.141329262822683432e-01
1.221182978720304069e-01
1.238560890767563261e-01
1.313712712983489406e-01
1.296633884094999523e-01
1.178447088565477419e-01
1.196268737496747891e-01
1.212504935007147483e-01
1.281140122247052537e-01
1.280665525694427431e-01
1.333883853365910865e-01
1.236955112545778113e-01
1.273335515004198615e-01
1.163575818563078595e-01
1.191029827626719079e-01
1.240259073234782766e-01
1.259145931867100832e-01
1.171627448191223664e-01
1.118061197972539805e-01
1.275054488464286706e-01
1.185632979521577673e-01
1.293861335420909142e-01
1.239383728751219660e-01
1.141048691465915144e-01
1.363258968468143706e-01
1.197118428169988563e-01
1.199460773087058230e-01
1.246466039118002966e-01
1.305843591244261748e-01
1.123342602069196394e-01
1.131534279207338373e-01
1.179810576338703593e-01
1.161370024524759625e-01
1.256095337636233267e-01
1.296714593741947197e-01
1.155338550978815826e-01
1.214523187718648534e-01
1.318830440490129652e-01
1.182861564444238484e-01
1.198844898444145352e-01
1.251608221109166419e-01
1.208180936805235556e-01
1.226381179982314468e-01
1.278676382939812617e-01
1.208293384470425780e-01
1.174515557192068321e-01
1.191125709277854189e-01
1.236016988974495134e-01
1.152386228576123273e-01
1.157831688667098763e-01
1.196922412293922044e-01
1.202964103197082663e-01
1.273900518533518933e-01
1.237145040866803325e-01
1.216865395029036317e-01
1.278819610648100347e-01
1.268127439014959112e-01
1.288514000618919964e-01
1.303512867964247979e-01
1.160058576133882052e-01
1.229847946151068627e-01
1.201596594524882294e-01
1.181250122236040673e-01
1.170232399545666907e-01
1.170837191878978806e-01
1.211759576211960537e-01
1.158069351847143824e-01
1.247577894627716205e-01
1.188261248606403558e-01
1.077554696424448261e-01
1.203546282719522575e-01
1.215916143342520850e-01
1.239503957013224078e-01
1.113331131721749384e-01
1.227819680165143229e-01
1.237258690257540261e-01
1.189449593303058689e-01
1.170812103036567020e-01
1.178273188277395994e-01
1.199773447192495485e-01
1.130537814563659094e-01
1.161457537027945353e-01
1.110482418296287882e-01
1.196065019594970691e-01
1.158583474823552117e-01
1.150445680588754183e-01
1.197679960344804340e-01
1.167488815011029774e-01
1.210108098204799865e-01
1.240178854295417160e-01
1.189754975262981990e-01
1.181946188377472756e-01
1.135507990364878483e-01
1.197010410224865901e-01
1.233310755706358286e-01
1.123846574408208232e-01
1.140307852960597279e-01
1.218149335569420622e-01
1.189978852968740924e-01
1.156333186280176645e-01
1.109088638594017129e-01
1.210096119375580481e-01
1.188922035285916584e-01
1.176547673229108720e-01
1.167487320373305909e-01
1.122703519884479806e-01
1.221741501947724712e-01
1.134799757100383999e-01
1.237625730372680921e-01
1.169817912031732993e-01
1.155370453216925386e-01
1.118920231199667659e-01
1.261312120209162058e-01
1.145625857665332065e-01
1.193675492541153987e-01
1.120139420827311744e-01
1.174843408844727655e-01
1.245266637899729301e-01
1.221531157075771284e-01
1.110833336421827994e-01
1.149473882385447232e-01
1.174076342896008124e-01
1.249018996059007292e-01
1.176587803795119125e-01
1.117712206200874858e-01
1.245781395284606546e-01
1.122738257663840611e-01
1.172277238411691819e-01
1.079613739466973310e-01
1.120004148201049071e-01
1.177544722851698034e-01
1.145572289504870611e-01
1.168825749409853343e-01
1.206307730743429868e-01
1.119240992756822123e-01
1.186983953767099947e-01
1.178270479274198118e-01
1.106408225134612178e-01
1.210704557671240383e-01
1.137612072633564647e-01
1.119269125939067744e-01
1.186795945826739085e-01
1.150964565925217814e-01
1.135704678415304508e-01
1.131912083808363778e-01
1.219053767497860208e-01
1.115387362636283963e-01
1.198418755477023007e-01
1.299317094695418007e-01
1.154530608930523783e-01
1.159930492736273577e-01
1.099161860540038976e-01
1.168252611104484695e-01
1.139479624297235066e-01
1.128630186249216100e-01
1.196928908342764636e-01
1.171878829359248170e-01
1.150778914027428546e-01
1.078745829284232516e-01
1.089779095488032229e-01
1.112412919860335803e-01
1.155168528612808138e-01
1.127327531004093247e-01
1.125748286317366925e-01
1.127936679945607812e-01
1.069447872119417831e-01
1.152668032528850750e-01
1.192551333566040372e-01
1.135799481005508871e-01
1.081715592627103262e-01
1.132398553758574289e-01
1.155130582633966257e-01
1.130772992477079575e-01
1.168430669927294496e-01
1.081884041927768242e-01
1.142135867672216670e-01
1.177258941835436917e-01
1.012227791786366043e-01
1.147163906528936017e-01
1.147884607117295175e-01
1.067179333865140717e-01
1.165527810542726084e-01
1.131900219444832850e-01
1.103075150676853522e-01
1.189187689988319141e-01
1.114763255116870272e-01
1.187058863214813381e-01
1.139683976366240581e-01
1.216972902773681559e-01
1.082325272229359980e-01
1.096361781194871710e-01
1.126078738156969655e-01
1.167759557745741139e-01
1.169903784106209321e-01
1.147510113733829773e-01
1.181056046763283018e-01
1.252093334847430295e-01
1.112016070042330107e-01
1.120480875748204319e-01
1.162049028444848975e-01
1.141328654227656558e-01
1.092868068237722451e-01
1.162234134944538644e-01
1.203698965977297725e-01
1.113618475861330448e-01
1.130634197834689963e-01
1.121687087962907337e-01
1.053356060897265717e-01
1.163114825545897429e-01
1.173181680341134486e-01
1.051501878094448228e-01
1.109961296340462450e-01
1.185737157020932409e-01
1.092950023150686956e-01
1.108442369907392255e-01
1.031339302846948497e-01
1.043656563291156247e-01
1.198458617800945425e-01
1.101030963169466192e-01
1.098515066502041282e-01
1.064095051601731956e-01
1.145666552718695441e-01
1.119419456256050827e-01
1.162353742280817503e-01
1.108404935670097430e-01
1.108006414662857098e-01
1.156557800857413859e-01
1.108982133989335761e-01
1.170415675777297382e-01
1.118940964469059274e-01
1.082028413168178022e-01
1.112940308200969508e-01
1.143382149511671109e-01
1.137335182113076437e-01
1.064552781061767206e-01
1.137660206958079068e-01
1.088782817690251148e-01
1.146379389635668322e-01
1.099391478636948805e-01
1.111449343402759055e-01
1.169640529167020604e-01
1.035015609392800073e-01
1.093808168257173613e-01
1.137957610343323933e-01
1.102096718893897098e-01
1.089780291058635581e-01
1.090158523715022421e-01
1.176061218583507456e-01
1.084231390242157839e-01
1.095034837010652323e-01
1.048982463858755265e-01
1.028942963233716035e-01
1.127606374585786164e-01
1.164913056916768025e-01
1.007571006249698281e-01
1.020599465736412581e-01
1.122913395190592162e-01
1.076054550701071588e-01
1.069091162080253177e-01
1.084545619339431777e-01
1.140791274665236554e-01
1.100683031951796009e-01
1.120670933881693504e-01
1.054571697161492266e-01
1.165385304216320639e-01
1.034723629455903127e-01
1.011576067609048640e-01
1.192723512548607701e-01
1.130445890864880676e-01
1.119899737389302152e-01
1.043703871908451819e-01
1.027558796076492031e-01
1.028341287806734533e-01
1.122088277443545334e-01
1.085654125679082621e-01
1.183292063938560096e-01
1.160242977350970095e-01
1.071328947535153120e-01
1.126515012269693194e-01
1.086727587834190462e-01
1.036036581243077320e-01
1.032362117732037732e-01
1.097203496716563365e-01
1.100543884441037568e-01
9.920339944082165462e-02
1.048512253600206029e-01
1.013007142063111626e-01
1.021710201594594886e-01
1.094166728510314740e-01
1.030595826718833929e-01
1.045149408292431747e-01
1.067188467322818940e-01
1.126066426838620432e-01
1.000291241760133121e-01
1.066809192999387257e-01
1.086609611265120928e-01
1.053720500588891107e-01
1.112433589424139668e-01
1.118754955989804956e-01
1.091010923001412419e-01
1.129305636094523752e-01
1.077819627173872141e-01
1.095143255866813797e-01
1.025862967507075590e-01
1.062798787613947471e-01
1.146564477926830666e-01
1.020001069098903923e-01
1.076505736462997076e-01
1.076744873099107491e-01
9.940076622255461514e-02
1.156230331698083064e-01
1.021455929791433292e-01
1.126508163445248956e-01
1.070569866893478217e-01
1.067827541814528325e-01
1.104868712192892816e-01
1.041779091832876203e-01
1.017557648290108446e-01
1.085408472467369184e-01
1.095374435513017941e-01
1.088495671323908981e-01
1.021389813557154469e-01
9.932180895745043592e-02
1.062422766358880194e-01
1.146116809612994503e-01
1.030860583626904969e-01
1.096626825876679534e-01
1.042295543960072429e-01
1.071460745479154708e-01
1.039862111225600405e-01
1.073774284562116488e-01
1.027830105332239036e-01
1.049162691797007330e-01
1.051308097588346674e-01
1.133743174591236996e-01
1.038182980642120279e-01
1.071130521491456128e-01
1.030477572876797032e-01
1.083935127643904789e-01
1.098626391576051076e-01
1.068121379280861094e-01
1.078338818460721632e-01
1.102595030128964287e-01
1.118325741992357292e-01
9.610122126627360095e-02
1.028507544406367241e-01
1.061449391029605643e-01
1.007439613174719029e-01
1.077574536759459412e-01
1.130964157840261969e-01
1.084363911469217456e-01
1.029765419082440681e-01
1.027770596465965303e-01
1.112649626272049636e-01
1.020593804221619771e-01
1.029226180090587889e-01
1.033326255957535966e-01
1.047893719564514797e-01
1.116113568923740862e-01
1.056177281060756284e-01
1.035051840265177742e-01
1.022512331500699811e-01
1.032715800208613144e-01
1.147034541663712881e-01
1.081017582946227212e-01
1.040483606474674333e-01
1.028129601223188305e-01
1.127311634765526815e-01
9.883275651324750777e-02
1.030177211704291079e-01
1.085421517774191463e-01
1.113503811809824356e-01
1.088566411641510995e-01
1.049920103525979198e-01
1.068656553279578036e-01
1.037433033630590362e-01
1.050272930507161473e-01
1.050386673072397775e-01
1.126595063376102240e-01
9.916639811673412519e-02
1.082524749270910441e-01
1.029903582103027238e-01
1.058117629411235716e-01
1.106376536740560079e-01
1.073799537382344460e-01
1.053520063441697047e-01
1.049817665106775599e-01
1.080504158321042019e-01
1.066685668322987085e-01
1.003838694800362891e-01
1.034557455897015810e-01
1.013927183194658493e-01
1.079459821312887258e-01
1.057302285843792627e-01
1.002531241322920375e-01
1.006216955592077189e-01
1.089388796518647451e-01
9.879885067589323777e-02
1.027703933245245199e-01
1.131002928969411792e-01
1.019533720926595194e-01
9.904645188610543272e-02
1.060898094084398030e-01
1.056492915066731125e-01
1.085824197486215670e-01
1.025639199221848458e-01
1.063535588923372188e-01
1.028299113495390327e-01
1.020128058336355753e-01
1.008900704553333527e-01
1.063016608228279231e-01
1.021412611786175623e-01
1.032027925568910071e-01
1.088475226944246449e-01
1.036500519101184181e-01
1.030351260826775223e-01
1.021143035875915067e-01
1.016891812015480873e-01
1.033336828722842549e-01
9.784394636959391212e-02
1.058129342857536820e-01
1.014506526094636346e-01
9.585007321057070762e-02
1.078391933026390526e-01
1.079499524637207442e-01
1.020323250535363074e-01
9.717255750719847041e-02
1.058203212285130507e-01
1.098811572221388005e-01
9.457707625265554530e-02
1.030992509420450703e-01
1.036728768990499427e-01
9.652527641625859023e-02
9.792505156859410143e-02
9.987318088857354004e-02
1.036448734991420734e-01
1.049193096351998117e-01
1.021615194354811157e-01
9.605292240030677275e-02
1.039836433563186280e-01
1.072422684378726981e-01
1.054292088952376860e-01
9.362007978719912027e-02
9.786415158463847297e-02
1.020892378848267806e-01
1.033773822358021177e-01
9.773067076097914641e-02
1.028895465099226442e-01
1.022411322252496091e-01
1.042910349096886347e-01
1.014292840914088750e-01
9.569365460080250796e-02
9.751955215105188868e-02
1.022277076218528064e-01
9.378242105887428515e-02
1.019241026537790473e-01
1.001240542624360769e-01
1.051805442649445671e-01
1.078929774277062048e-01
1.101299412162587144e-01
1.051295384348292228e-01
1.047810962068626978e-01
1.111957181682881185e-01
9.766152416129993130e-02
1.006765201942302068e-01
9.507507466707362798e-02
9.947980511030421469e-02
1.002992922006076953e-01
1.044578054203254974e-01
1.004645910026007033e-01
9.452335251712916386e-02
1.057978215489566720e-01
1.121526234396882649e-01
1.017282338024507182e-01
1.020077305173612836e-01
9.956317749943804918e-02
1.032262140563943859e-01
9.595100005415525823e-02
9.491436614556644780e-02
1.025068915214084192e-01
9.944896491864321786e-02
9.667795075390563098e-02
1.036062642756329505e-01
1.046597070112311595e-01
1.038033610683185420e-01
1.005820408065438570e-01
1.001225940430045119e-01
1.084813098738477977e-01
1.025614855316672597e-01
1.043279160257154503e-01
9.877685873018854368e-02
1.045438607509569517e-01
9.872267147825679323e-02
9.720050765841915796e-02
1.083037170444683533e-01
1.007469787098218411e-01
9.609185499373600059e-02
1.029574777446920913e-01
1.003749994571280363e-01
1.017715030339434029e-01
1.031350194727993358e-01
9.923946498397036298e-02
9.918395128643786585e-02
9.524745037869886133e-02
1.037430017587864517e-01
1.030532066603692676e-01
1.041587359078532948e-01
9.883372592378519839e-02
1.040109893524362311e-01
1.089862038103167896e-01
1.002490257311232924e-01
1.059917136815776845e-01
1.037373470358694816e-01
1.038356901693464340e-01
1.059628629653169007e-01
1.020613242412226340e-01
9.629976323055530751e-02
1.019990467343663137e-01
1.012953670476646334e-01
9.869805351918180258e-02
9.137696244807026746e-02
9.565727067990184573e-02
1.001787340631714179e-01
1.028534223330217490e-01
1.071006081069101057e-01
1.002671506293668358e-01
9.999061379125684379e-02
9.471836138227508750e-02
1.061148697908745608e-01
9.837905560210008504e-02
1.095264085511887114e-01
1.023539809752471996e-01
1.013102596308783215e-01
1.008779988200172034e-01
9.898173636216101023e-02
9.935483663538560717e-02
9.529607506537089712e-02
9.771655690881189682e-02
9.753672985104343274e-02
9.278118970375234809e-02
1.004991203132929722e-01
1.030875968943925775e-01
1.049273901361769123e-01
9.621839406910220882e-02
9.898058079641341989e-02
9.367782170724230084e-02
9.397143735232074691e-02
1.028804596045486269e-01
9.252468778535424820e-02
9.639831320124733760e-02
1.007588967499306737e-01
1.021644129000882917e-01
1.023858737258356022e-01
9.707657758304716333e-02
1.046188814909823905e-01
1.039279584458054767e-01
1.027084094998764602e-01
1.001285478683528046e-01
1.031125830935527149e-01
1.006421225382683055e-01
9.862645775206660415e-02
1.060045516482030908e-01
9.495539649295965667e-02
1.119484175338587573e-01
1.040202026016778108e-01
9.964857381987583806e-02
9.895076703951906361e-02
1.026279304646486590e-01
9.416343541728387778e-02
9.857190781808133906e-02
1.033141600842203411e-01
1.011650506834551738e-01
9.223797199843268568e-02
9.651093563506513151e-02
1.046553005699733807e-01
9.677741492888750074e-02
9.595776208717438083e-02
1.026810630901120458e-01
1.092925151480735879e-01
1.042463911726330128e-01
9.736261667803038089e-02
1.043182334446812604e-01
9.947390281317695926e-02
1.030415901279080892e-01
1.030043862617307793e-01
9.693610421305468017e-02
9.616924209368858667e-02
9.068662800845377070e-02
9.606919249438772290e-02
9.913792564799013551e-02
9.603028410528449688e-02
9.727460211545570223e-02
9.717213727916071409e-02
9.787424556784714291e-02
1.027286523625142445e-01
9.557895909957896119e-02
1.025931113309389298e-01
1.033262732956101576e-01
1.008587014657828934e-01
9.457169684640014118e-02
1.030744072381955118e-01
9.912119594327560568e-02
1.008112734521868642e-01
8.785506888843812312e-02
1.014595112662892429e-01
9.504370174681520123e-02
9.697925880728132386e-02
9.747818469898804350e-02
1.034733114940196153e-01
9.644116653573100995e-02
9.383191285274808391e-02
9.640684557076666106e-02
1.017722152282053982e-01
1.004865515779156948e-01
9.935910277069347207e-02
9.826226951367959817e-02
1.017011053427983730e-01
9.911098697518530565e-02
9.985427293542620264e-02
9.701517876751002134e-02
9.974419111634443003e-02
9.523211499028323701e-02
9.518101935345370246e-02
9.567613048677788001e-02
9.878377862114215424e-02
9.637538868011288895e-02
1.000435147274380820e-01
9.786272420713811038e-02
9.808464161614115218e-02
9.684076647922816583e-02
9.681411742598160231e-02
1.024781530406558838e-01
1.025924175433698682e-01
1.015879443661296538e-01
9.555856532949157101e-02
9.856693765883661751e-02
9.589863272265489180e-02
9.838947660542636531e-02
9.950013596427509377e-02
9.897296285998173626e-02
9.688936816995528944e-02
9.394598367949258400e-02
1.005061054576318474e-01
9.838756909310716892e-02
9.565302315178957071e-02
9.488743991443007730e-02
1.007763983157893978e-01
9.850599006451096762e-02
1.018777883972296627e-01
9.625926135471084277e-02
1.011508626987214221e-01
9.501743800277831498e-02
9.763768469831948793e-02
9.080782707731105408e-02
1.006152544105954338e-01
9.962646722651928577e-02
1.025167497928842347e-01
8.634648432938395179e-02
9.534611576512015685e-02
9.960523310342746239e-02
9.287746906422318649e-02
1.038407266644192639e-01
9.665094575112252728e-02
9.218106434024488094e-02
9.601704894441340232e-02
9.828130340140303622e-02
1.046657439889810692e-01
