1.000000000000000000e+00
1.000000000000000000e+00
9.939942796426148863e-01
9.023767107648873464e-01
7.812452348606917507e-01
5.844616010862555555e-01
4.400371588022141123e-01
3.516245133917224042e-01
2.820774314169272046e-01
2.443268021535936196e-01
2.223445826208050591e-01
2.000429279657684190e-01
1.737217001688694529e-01
1.644663702942633088e-01
1.412032508460733804e-01
1.414676039042639666e-01
1.249213354114707825e-01
1.170551379771610362e-01
1.149911646782536961e-01
1.033153340777789586e-01
1.001693252363497905e-01
9.841845932502564509e-02
9.182116002968992996e-02
8.443900618839869643e-02
8.960021877906937382e-02
8.326848872971294446e-02
7.604942966044893338e-02
7.301708133828951897e-02
6.694759067806109465e-02
6.684046495871748261e-02
6.009694151370626597e-02
6.545841262402170291e-02
6.615132257877137656e-02
5.727181971382638848e-02
5.805113258500536888e-02
6.447691812707734282e-02
5.795984652819381744e-02
5.215800552357581499e-02
5.472725176888573739e-02
5.324064304533347031e-02
5.019834267649523479e-02
5.120885183537520619e-02
4.586000434937145126e-02
4.457892122148702369e-02
4.816257178699303448e-02
4.711006301797197870e-02
4.046101908340339615e-02
4.456912935342514231e-02
4.083904248247601648e-02
4.190392996874886533e-02
4.500245017049780971e-02
4.438878264667870527e-02
4.074458755569613372e-02
4.068752255294159209e-02
4.128172200299754652e-02
3.616859033052427508e-02
3.686506510295213535e-02
3.811543782544728892e-02
3.440284937191463027e-02
3.201548645968180923e-02
3.543070045455103817e-02
2.987859126890466885e-02
3.508906901081385726e-02
3.304696109824629274e-02
3.497839201749060323e-02
3.232643538681326256e-02
3.216900492462804184e-02
3.145036695263952325e-02
3.159957890105899447e-02
3.209876940252842648e-02
3.293641301832204299e-02
2.870409449646563887e-02
2.841667642851819497e-02
2.768130709380368579e-02
2.758102811250982139e-02
2.445282926662612974e-02
2.644407345434553885e-02
2.366064701638450826e-02
2.871429831936694183e-02
2.917367789586174098e-02
2.507731799362629410e-02
2.425544792475648609e-02
2.535979770968302405e-02
2.430882492694256061e-02
2.361534751309362148e-02
2.478568009956327520e-02
2.045214551148241688e-02
2.529979062261336967e-02
2.214301380083986276e-02
2.256805628384981818e-02
2.458812593892920756e-02
2.391713077590760725e-02
2.242449836790734105e-02
2.334317620996580883e-02
2.397076561762827643e-02
2.163306409754134005e-02
2.320318808275697448e-02
2.000841066916390215e-02
2.155668977867006980e-02
2.079582762895615736e-02
2.112585347612616626e-02
1.976620369825999451e-02
2.158584428955199683e-02
2.183170583937922224e-02
1.842915876631526922e-02
1.933998935789042056e-02
1.892984314490723033e-02
1.661860097342015771e-02
2.105442468201395440e-02
1.578945901366198695e-02
1.677740643727934286e-02
1.828335432110227143e-02
1.956608902649003418e-02
1.772295347123933190e-02
1.815046006101041567e-02
1.625899660690616547e-02
1.741160983235631732e-02
1.734546410605513483e-02
1.720492305874603278e-02
1.727992554542516837e-02
1.870139554954595648e-02
1.852505773929954969e-02
1.700819802549009135e-02
1.835649510349455713e-02
1.718233747626838129e-02
1.719232770853500528e-02
1.714219164326616363e-02
1.855831994140919039e-02
1.719757532440151573e-02
1.505040198083444809e-02
1.480344410819542551e-02
1.695400009029406421e-02
1.616565339506163476e-02
1.639092591033236568e-02
1.579024425656518071e-02
1.614809898398886917e-02
1.509560554606146146e-02
1.515623405746577106e-02
1.642350448248613634e-02
1.609275366674802615e-02
1.440333604292550439e-02
1.421468612421806013e-02
1.450879620010882623e-02
1.415353794490388332e-02
1.435727797000653679e-02
1.464530863658551445e-02
1.559638473488308280e-02
1.331541796739151191e-02
1.468786301520698216e-02
1.473131712684361792e-02
1.277477115343329805e-02
1.472579601288710044e-02
1.403957406032459686e-02
1.484061539122170578e-02
1.397518535361943169e-02
1.296164886924489924e-02
1.395874592131103771e-02
1.277612175058666540e-02
1.354787652773054192e-02
1.317858288000577430e-02
1.404929739025041410e-02
1.382496173104117050e-02
1.199275154741364161e-02
1.191132241408810084e-02
1.318135309120250023e-02
1.228858574287895918e-02
1.218888218346964383e-02
1.557744953054911521e-02
1.485538683309446835e-02
1.376267204403837548e-02
1.227381625160327110e-02
1.156213351438284929e-02
1.236670317789474380e-02
1.251980454698342800e-02
1.207671391706501875e-02
1.071599379978293611e-02
1.236032227698448741e-02
1.260608362627565517e-02
1.216511700294085375e-02
1.103037697876495943e-02
1.182626143751671494e-02
1.135159300347463561e-02
1.062872476361133127e-02
1.201297419410071905e-02
1.068833766853820137e-02
1.047649337285526568e-02
1.077811543372900888e-02
1.058046048420646298e-02
1.162182931222690598e-02
1.052746796141171975e-02
1.265495222828391837e-02
9.336606840866472704e-03
9.476173523770328386e-03
9.615755625284397312e-03
1.063668684391740581e-02
1.140297300616728744e-02
1.052914680084266093e-02
9.505387052182772550e-03
1.024269535441161422e-02
9.473636063050686756e-03
1.032972464296432261e-02
1.011150216589455121e-02
1.050384822769354944e-02
1.027346515825713208e-02
1.081840474305922201e-02
9.580022200339662064e-03
8.867974954939543061e-03
8.824715623234743664e-03
8.667797877665145076e-03
1.052971340813639751e-02
9.873282585180007467e-03
9.253623618933278644e-03
1.010656469202774778e-02
1.039319448023006374e-02
8.847342365609349446e-03
8.831528855388607116e-03
9.354417625163275601e-03
1.066740201322955925e-02
9.424574630746406292e-03
9.353260127016775963e-03
9.109083951893586981e-03
9.192605232053868702e-03
9.165911440061447896e-03
9.520815271496419277e-03
7.814520437610999667e-03
9.899672700899295186e-03
9.045096332350384058e-03
8.733387832105117890e-03
9.095835970289961256e-03
9.035448763054261881e-03
7.713149816042346417e-03
9.685623705651976931e-03
7.889298550555357697e-03
8.972729151801627293e-03
8.107182848798213243e-03
8.822053460849370657e-03
7.763567025795285043e-03
1.065020892607635578e-02
8.847329394607030342e-03
8.618084804118582298e-03
8.465149318543184823e-03
8.545342860124880216e-03
7.923635113337603245e-03
9.668547410669683581e-03
8.369178849924127292e-03
8.241072385653322105e-03
8.168997806034717160e-03
8.978654600365494273e-03
8.844923857327753255e-03
7.867091703702621883e-03
8.950424412955166817e-03
7.971894336368752498e-03
7.976931996328019692e-03
8.265802218597720699e-03
7.826888119165549551e-03
8.247425401830732819e-03
7.884864522332207110e-03
8.136909882077722825e-03
8.258754228725975755e-03
7.043495104449236030e-03
8.737206988042893127e-03
7.326384666635083961e-03
7.264143126745494991e-03
7.001568762882858128e-03
7.419090733803652103e-03
7.471494725275375746e-03
7.284979383537264035e-03
6.449439381325056987e-03
7.867797419057742658e-03
6.404452066162489264e-03
7.492106010769298760e-03
7.381419659014090001e-03
6.977053188616768459e-03
7.298870973055376563e-03
7.621711554620451759e-03
7.995805098921433471e-03
7.138575701865000449e-03
6.927965618810005312e-03
7.130053994681415271e-03
7.375121604981106985e-03
6.829037061691056384e-03
6.812916013471790114e-03
7.396323093586189799e-03
6.862647075251209275e-03
7.651292945197031396e-03
7.575813488413503903e-03
6.574537900017593528e-03
5.550403321093476221e-03
7.882546264900956029e-03
7.176528256674240616e-03
6.776577942937859513e-03
7.408943533368928316e-03
6.950314497754349861e-03
6.988960628440083617e-03
5.984317911375814508e-03
6.519004656733121128e-03
6.628767967761677038e-03
7.409050871298294288e-03
5.865728258012682141e-03
6.801018165217845302e-03
7.379919653515278760e-03
6.688996503922319675e-03
7.032693850694111092e-03
6.925742926015521564e-03
6.551054659162803065e-03
6.040869831194953937e-03
7.208801803148634328e-03
6.486275601026171220e-03
6.473710583389155268e-03
7.183944400140408054e-03
6.687772979855483024e-03
5.999441188987692138e-03
6.213804384899357901e-03
5.793301232391574566e-03
7.193541514764407660e-03
6.167612116385272347e-03
6.079877551448419938e-03
6.239576292584356199e-03
8.138422746329204358e-03
6.005107748081185519e-03
5.933105284811920725e-03
6.578507432946181441e-03
6.282033488692462600e-03
6.092676577246460695e-03
6.256661542211103440e-03
5.988241801426655991e-03
6.584581514239316001e-03
6.300605312005423154e-03
6.285245685972235680e-03
5.894415523857931931e-03
5.585787420553874755e-03
6.293034995593314689e-03
5.714962228945802934e-03
6.239423229310812544e-03
6.332698615888956474e-03
6.372948075666433863e-03
6.006919460104924967e-03
5.476786622224966844e-03
6.458035951629189503e-03
6.196831069524975921e-03
5.373876813070822128e-03
6.015294053621916825e-03
5.655572175997899617e-03
5.720400528758029166e-03
6.020044583911442204e-03
5.999493619548277104e-03
6.579859522210121901e-03
5.294357982894988893e-03
6.145117313665611133e-03
5.869086692502106795e-03
5.868706663760532224e-03
5.848171446745120163e-03
5.837508982126956951e-03
5.495395329270741022e-03
5.833044610301681490e-03
5.386518512127614483e-03
5.802711028991112789e-03
5.628081010828305322e-03
6.069428661266897986e-03
5.620126206867798527e-03
5.365289825162816197e-03
6.300634854842200767e-03
5.654366919871776052e-03
5.629419411893484687e-03
5.426552947285428335e-03
5.100081452019385696e-03
4.870798813057936050e-03
5.519157149629043760e-03
5.111436816681730506e-03
4.815515663682330694e-03
4.708802567368703881e-03
5.072927851152330553e-03
5.021733967171291418e-03
5.532590043054294061e-03
5.101142725415011396e-03
4.668143607846764707e-03
5.249533875837867312e-03
5.871774434097400130e-03
5.878772775017026241e-03
5.391459571768631928e-03
5.534609866920173031e-03
5.673805010208613983e-03
5.308515854472959164e-03
5.160792769272549291e-03
5.957205031153002192e-03
5.653112395117992212e-03
5.436149807445549154e-03
4.956914340953769323e-03
5.177368745767466779e-03
5.065686666612207074e-03
4.987814600324002451e-03
5.366337147596922201e-03
4.864518243235384926e-03
5.085230732720436887e-03
5.539549348864122869e-03
4.769131594938767760e-03
4.392823684132560191e-03
5.087005371123914065e-03
5.028602971656510531e-03
4.833732713730908015e-03
4.958544841175648726e-03
4.760667204220219405e-03
4.841845005394487811e-03
4.430037308916229787e-03
4.942426359853130564e-03
4.594056707639581488e-03
4.500807201580114478e-03
5.516809530328506059e-03
4.529970945502287058e-03
4.365518138446038143e-03
4.608891423638222101e-03
5.439913685657857961e-03
4.477811030262414047e-03
4.850753937418000178e-03
4.347228386785941673e-03
4.900400782191457506e-03
4.550887968488744051e-03
4.058089837341134765e-03
4.783136229436216018e-03
4.228197989133210613e-03
4.805964819677948155e-03
3.901801176119961811e-03
4.524678446376131230e-03
4.811070775400006112e-03
4.494462309211882944e-03
4.492544317658784050e-03
4.567298698869635791e-03
5.363906925540693447e-03
5.007234471444560638e-03
4.939958807580423911e-03
4.457260689925243886e-03
4.603776303545342036e-03
4.329965204553664661e-03
4.414152836015599810e-03
4.511151096088550014e-03
4.268910534814485992e-03
4.115941727345808279e-03
4.556430132430613553e-03
4.050517659375744983e-03
4.131220187447859002e-03
4.519176037359889236e-03
4.276283891807975204e-03
4.167773796104368676e-03
4.532532780427746440e-03
4.403001160546620406e-03
4.624824199272722924e-03
4.376151437535088888e-03
4.172138463738926314e-03
4.644587465821818986e-03
4.449870113006359346e-03
4.518821781004585779e-03
4.454655001834837043e-03
4.291366727254109815e-03
4.258080715240115423e-03
4.296812871002315092e-03
4.301353972261102304e-03
4.457338039560855385e-03
3.784611694100132630e-03
3.999149078204181432e-03
4.417800421632743849e-03
3.586000698980765840e-03
3.901414609229821289e-03
4.193997107622166043e-03
3.656782138232585883e-03
4.231649607311819411e-03
4.564493631619560669e-03
3.810896580406219428e-03
4.277513972889847825e-03
4.231566789900224196e-03
3.965387851985417884e-03
3.890548260759145796e-03
4.017589217129499506e-03
4.136563279698319412e-03
4.370743324968914476e-03
3.950017221206833344e-03
3.630196017926266838e-03
4.189578012938868952e-03
3.922485958954871101e-03
4.675733148563575130e-03
4.346649749759118678e-03
4.385714673470766760e-03
4.291510728560295543e-03
3.904712652891858052e-03
4.284940354970835814e-03
4.039891603194219714e-03
4.119083572074426838e-03
3.988422034467818504e-03
4.207988940358147432e-03
3.960138043469322092e-03
3.982871037287945108e-03
3.797078980246817916e-03
3.796612838621053233e-03
4.055590883742284623e-03
3.745018954097156880e-03
4.060519436176428590e-03
3.514025837586299845e-03
3.565047939100417663e-03
3.951204926162350632e-03
3.842254247631392196e-03
3.831627466870136511e-03
3.711637474116556614e-03
3.686124550945151304e-03
3.648108440886512361e-03
4.002858824736220920e-03
3.368655270778223541e-03
3.310845101900873784e-03
3.729762979645119114e-03
4.206368450945594493e-03
3.755254429496434048e-03
3.468607078887417719e-03
3.657358446837032963e-03
3.698718607743517114e-03
3.250370575003793099e-03
3.819903803394601640e-03
3.391764505041966384e-03
3.734920308002717595e-03
3.568852033872443440e-03
3.872114354134135062e-03
3.563029796820470392e-03
3.825449354942462871e-03
3.306147281699763508e-03
4.003135045373588247e-03
3.356111792804546134e-03
3.419686342994214100e-03
3.783310863949332446e-03
3.801182545712816253e-03
3.568028575828029788e-03
3.502946160686947960e-03
3.612085573344776725e-03
3.545708915020152376e-03
4.092686673787471890e-03
3.504669022748196309e-03
3.018080229002432276e-03
3.727738731787885035e-03
3.423687294185359577e-03
3.577709091960203439e-03
3.699417752612559063e-03
3.219288951775340669e-03
3.761317646028310407e-03
3.832421744927014522e-03
3.031453506799870225e-03
3.239044743712185103e-03
3.641898214373066357e-03
3.471607359069884755e-03
3.468386140417299701e-03
3.602442946812114358e-03
3.039875515729598826e-03
3.262355177540424405e-03
3.759562865228016984e-03
3.101819955805014146e-03
3.086357320680678702e-03
3.412744764946105697e-03
3.789809956777333462e-03
3.642002183602110164e-03
3.459116498929780664e-03
3.784047217714216465e-03
2.992265267794541345e-03
3.486608614485424765e-03
3.201611417110660721e-03
3.116556372442975693e-03
3.424680801903700385e-03
3.617623584178117271e-03
3.326410789899583373e-03
3.779256699403251395e-03
3.104053678071351952e-03
3.167757989440091702e-03
3.283141532232149683e-03
3.698337046714296819e-03
3.630846606850799720e-03
3.453837994891018927e-03
3.435855796136265232e-03
2.954647639297016716e-03
3.445884052248779708e-03
3.949582894956538658e-03
3.454273543816667805e-03
3.799903955533771773e-03
3.152263558305271572e-03
3.436725167909500389e-03
3.260823503299340939e-03
3.260312683331940530e-03
3.557982899588168612e-03
3.469278890986721587e-03
2.987621035254927650e-03
3.269054349297433396e-03
3.025125406701987662e-03
2.886993489971991823e-03
3.282682974481520091e-03
3.182856927668466750e-03
3.094672530832208619e-03
3.472240203485901441e-03
3.296132164475258728e-03
3.380359393735298153e-03
3.542138086911025049e-03
3.145904729364263578e-03
3.569199144684655212e-03
3.232881887688248811e-03
2.670641098720046101e-03
2.995763906566152688e-03
3.285353183315525491e-03
3.314955297336548683e-03
3.226923728370835031e-03
3.184030189605297195e-03
3.147712437881181394e-03
2.909462081439207620e-03
3.073435980533490135e-03
3.366401262560110141e-03
3.172511580766425223e-03
2.993601066146090155e-03
3.337870876468711136e-03
2.996309289283853768e-03
2.720005779957524947e-03
3.010846617764665126e-03
3.162302676753092883e-03
3.232498046701410416e-03
3.106674556880274773e-03
3.117891515004730940e-03
3.052832071241727910e-03
3.244622384714265610e-03
3.122362971411419240e-03
2.611401757476536963e-03
3.062675066996871105e-03
2.848206929602201468e-03
2.653992206929998293e-03
2.946097878630063189e-03
3.092258617781981894e-03
2.950427300213522269e-03
2.821596365707463878e-03
2.916832465096319809e-03
2.897483705003479383e-03
3.359863789590094088e-03
2.698618360794825723e-03
2.680359956562679107e-03
2.918795415258629636e-03
3.296418121610137503e-03
3.038444844103316712e-03
3.020890120807345931e-03
3.106044891662329988e-03
2.855137143578624030e-03
2.922396012631959562e-03
2.739458682487298184e-03
2.769098992189799723e-03
2.818172317973161554e-03
2.912389709678542531e-03
2.942552128734156336e-03
2.841791249731540764e-03
2.891890234370695419e-03
2.838433854696918723e-03
2.897117428326672576e-03
2.996133819237331835e-03
3.058907815998935555e-03
2.675132076798063772e-03
2.787065822254184908e-03
2.803748907901928555e-03
3.285560916570139101e-03
2.971529898674465670e-03
2.967503899880254321e-03
3.012463449703999679e-03
2.770502688590822157e-03
2.954209992845975748e-03
2.927066584868967362e-03
2.993853525443413485e-03
2.705007140578918022e-03
2.877165608717540020e-03
2.717763212615070291e-03
3.125623899362345998e-03
2.846557359575420647e-03
2.882509917223749323e-03
3.078749300487545852e-03
2.970417413365236074e-03
2.933659999683665195e-03
2.730574535668655201e-03
2.946266624706217214e-03
2.647231299879383801e-03
2.546549626692945750e-03
2.947086621885060612e-03
3.063429504095633183e-03
2.795267285101950879e-03
3.006263662668965612e-03
3.068805469398924648e-03
2.801536338212108363e-03
2.996065915936132074e-03
2.812637321855554137e-03
2.675369330186279718e-03
2.854708842542829847e-03
2.768098474442202191e-03
2.625389030889786496e-03
3.027175202177050280e-03
2.693043797165358029e-03
2.897715255072904998e-03
2.974942577626404124e-03
2.464833839227618430e-03
2.998111928959782280e-03
2.599302842709617315e-03
2.927794315924280282e-03
3.012960184286798786e-03
2.477741311800386176e-03
2.898696503196984166e-03
2.527257086790774855e-03
2.638395611618846691e-03
2.818606480867884116e-03
2.764375614183009477e-03
2.622500359332689303e-03
2.774292700051552568e-03
2.355615041406068817e-03
2.660130942552193546e-03
2.593535269871559672e-03
2.650581789154391518e-03
2.727135646396604534e-03
2.818478155242879011e-03
2.453017358961562776e-03
2.674545160780908079e-03
3.181073981369020309e-03
2.428149311081855694e-03
2.650660681149666180e-03
2.190436378692452429e-03
2.883378423138013152e-03
2.560955560473081316e-03
2.637614763741680506e-03
2.447365019396665221e-03
2.858272972591597346e-03
2.558249154636753342e-03
2.995476864914701880e-03
2.551954196087354628e-03
2.381832247295998309e-03
2.480222394628094334e-03
2.648484693402162939e-03
2.501575868325953047e-03
2.805118320844103130e-03
2.801866641373813947e-03
2.380255959685389708e-03
2.780475870623667477e-03
2.605732353206643981e-03
2.431454274917223529e-03
2.722795265363453076e-03
2.875580926232150416e-03
2.647010517109677982e-03
2.657433125582098384e-03
2.637974086697575729e-03
2.151211330813183366e-03
2.708436842689305752e-03
2.480831406996378188e-03
2.449209170678853797e-03
2.520735336935265788e-03
2.401109541510338969e-03
2.554165833455950257e-03
2.332028735723505435e-03
2.438730407790243478e-03
2.737531824583182630e-03
2.448645180144895257e-03
2.567729812969884919e-03
2.262788240422811386e-03
2.489696359096498640e-03
2.333102375848292252e-03
2.346238062290483591e-03
2.674648908208299754e-03
2.567405946626369773e-03
2.451215398068455446e-03
2.384992081475978583e-03
2.819730678079774514e-03
2.575393228665608623e-03
2.306299584573475933e-03
2.442788423632723076e-03
2.441949867790789430e-03
2.468691149518835969e-03
2.543878806761446995e-03
2.196297088489014126e-03
2.203710252582806884e-03
2.176771609345008133e-03
2.543453345351045711e-03
2.498211339941178687e-03
2.185781719994290672e-03
2.480538686204685535e-03
2.396917886624280649e-03
2.178825990731242824e-03
2.318673426888333104e-03
2.553040913852293228e-03
2.385039393189960881e-03
2.062793673548656351e-03
2.459779036422335679e-03
2.527008261990030223e-03
2.561897546621633853e-03
2.130713033867977224e-03
2.482550681207495395e-03
2.459944919647314831e-03
2.314556202146413489e-03
2.477355520638691109e-03
2.191293004193974134e-03
2.533275650701738782e-03
2.648813767174893787e-03
2.521434936569371451e-03
2.137359639671070587e-03
2.473231915872651371e-03
2.229834425639617285e-03
2.537390954601822114e-03
2.251840227413801510e-03
2.146158391005059934e-03
2.544885823520936542e-03
2.444078707685749113e-03
2.374506747578795061e-03
2.392016750476476817e-03
2.380399545787590960e-03
2.234737699206839658e-03
2.164419859282014792e-03
2.100749326541774802e-03
2.287787077352670603e-03
2.438482040318024156e-03
2.490717609345027492e-03
2.090551584717452796e-03
2.223435743700754794e-03
2.349052147287024068e-03
2.240721447100612815e-03
2.238773881331810375e-03
2.292648273093006537e-03
2.410912687748775762e-03
2.485677538602866238e-03
2.265156882357182051e-03
2.315364282816879601e-03
2.215345777526000256e-03
2.339709936307018175e-03
2.181428996362741457e-03
2.096019986748968739e-03
2.253148579288448763e-03
2.241295820282966905e-03
2.279784633960692513e-03
2.376764040516685453e-03
2.073928491847058797e-03
2.356491641106483494e-03
2.445304222326302040e-03
2.359860532736500396e-03
2.027427001584823467e-03
2.349622674661406597e-03
2.108930647257967021e-03
2.172774169767159678e-03
2.199761694094378491e-03
2.270378159279860548e-03
2.098760436789456462e-03
2.288253756289547122e-03
2.285740099726052584e-03
2.263153030070361518e-03
2.322552448009462291e-03
2.167692460617945405e-03
2.479862909365858435e-03
2.460715033610129908e-03
2.332349147092801969e-03
2.452166225906582918e-03
2.419456939377928693e-03
2.296730003478309520e-03
2.462327524620809300e-03
2.336967638022212444e-03
2.504297731363082456e-03
2.332907958913331935e-03
2.176669915754656567e-03
2.402410637661725294e-03
2.189260079952101094e-03
2.387205510118496805e-03
2.272825551749685022e-03
2.208056240716996591e-03
2.185423497620734689e-03
2.264174357322257594e-03
2.354469972961324015e-03
2.251633661407364921e-03
2.299206500871044979e-03
2.104308726616557334e-03
2.111884896284635989e-03
2.227845003253371096e-03
2.517110926807400711e-03
2.046350883011491782e-03
2.332426898284687376e-03
2.274827689205466668e-03
2.362093411466360988e-03
2.207309250905967191e-03
2.015850878037019414e-03
2.336493827846211971e-03
2.100835067936434371e-03
2.171334201869373672e-03
2.324603377457033250e-03
2.273088215069011143e-03
2.605321072072160592e-03
2.321510185072856065e-03
2.564659871592655203e-03
2.286980968253558150e-03
2.175568881148892252e-03
2.231529084483599695e-03
2.254903124943812183e-03
2.064259287872154645e-03
2.262136426693595916e-03
2.251751709099053967e-03
2.103336778432207937e-03
2.090055985799783769e-03
2.482113892991891571e-03
2.102010563712359420e-03
2.251722990126738683e-03
2.188462857415045173e-03
2.300439114076194714e-03
2.292037112291982377e-03
1.892456449229149148e-03
2.269222024719723223e-03
2.044803490332271732e-03
2.194100520924007532e-03
2.013807037203958934e-03
1.807496440171320632e-03
2.115901406442426483e-03
2.048957637877976690e-03
2.213416170476899692e-03
2.243007349252864463e-03
2.149440593799145129e-03
2.042832845482521302e-03
2.040194014724723993e-03
2.087098918767774872e-03
2.035823236854627030e-03
1.957985346004982238e-03
1.928678047860555656e-03
1.986678111031289599e-03
2.082037447769403277e-03
1.800072795502987702e-03
1.857281242064114102e-03
2.068790148165646891e-03
2.150410835648410447e-03
1.893952131471353948e-03
1.782679749133524432e-03
2.227971375902723476e-03
2.004694741257998566e-03
2.048271481409881523e-03
2.183033876059009212e-03
2.049623524364792022e-03
2.041516454423443917e-03
2.004775757982988748e-03
2.093767178277281676e-03
1.912182633845162889e-03
2.010621605404705296e-03
2.153861124188305009e-03
2.266856465980993194e-03
1.955693022964549201e-03
1.880706485694789726e-03
1.921625509115833198e-03
1.837000493967897927e-03
2.004691582545790537e-03
2.072206186205682431e-03
2.115992985803537459e-03
2.091216621573878647e-03
2.222422254466596171e-03
1.962412782198913030e-03
2.141662821438552067e-03
2.073414746029698941e-03
1.913364564708731896e-03
1.787137148754173316e-03
2.190347626988668923e-03
2.079506223285897213e-03
2.107829892399220358e-03
1.789562311395523049e-03
1.931416309683068287e-03
1.731772493674038843e-03
1.775764704673889107e-03
1.894263862785121539e-03
1.983075704222167501e-03
1.806691854414524184e-03
1.743938239431851731e-03
1.943788748909377768e-03
1.933442115919386780e-03
1.751383285145246627e-03
1.866400755974259151e-03
1.862236359855757141e-03
1.832002391791435992e-03
2.019442870514047330e-03
1.910711651284028928e-03
2.069473262735954146e-03
1.559722242219510439e-03
1.727289669007919717e-03
2.153186792800764349e-03
1.841887119605415367e-03
1.989930879760810206e-03
1.851310746759214686e-03
1.841590094679165053e-03
2.190645305833861453e-03
1.702623303213635737e-03
2.090559658246477371e-03
2.077815727192304854e-03
1.916201682264912724e-03
2.058977979013271089e-03
1.982734746133736712e-03
1.933133868075406553e-03
1.884763934661857262e-03
2.044417889964710629e-03
1.878369126496866543e-03
1.712379344626323123e-03
1.987309533459639347e-03
2.068334763314292214e-03
2.079178645066211487e-03
2.075875534570897126e-03
1.892131524184247028e-03
1.923654649129540387e-03
1.837999567223684355e-03
1.696768661263240753e-03
1.729521084437527639e-03
1.927260443214040206e-03
1.762247745462240320e-03
1.728695567626781443e-03
1.775475514768548417e-03
2.024525647943501046e-03
1.890980927720943474e-03
